e213 Decoder

acc (Before 1st TB)=

     3     3     0     2     4     4     4     3

pathmem (Before 1st TB)=

  Columns 1 through 12 

     0     0     1     1     0     0     1     0     0     1     1     1
     0     0     0     1     0     1     1     0     1     1     0     1
     0     1     1     1     1     1     1     0     0     1     0     1
     0     0     1     1     0     1     1     0     0     1     0     1
     0     0     1     1     0     1     1     0     0     1     0     0
     0     0     1     1     0     1     0     0     0     1     0     1
     0     0     1     1     0     1     1     1     0     0     0     1
     0     0     1     0     0     1     1     0     0     1     0     1

  Columns 13 through 18 

     0     0     0     0     1     0
     0     0     0     1     1     0
     0     0     1     1     1     0
     0     0     0     1     1     0
     0     0     0     1     1     0
     1     0     0     1     0     0
     0     0     0     1     1     1
     0     1     0     1     1     0
